

 ---------------------------------------------
 Run case  1:   case_0001_0001

 alpha        ->  CL       =   0.5446        
 beta         ->  beta        =   0.0
 pb/2V        ->  pb/2V       =   0.07
 qc/2V        ->  qc/2V       =   0.0
 rb/2V        ->  rb/2V       =   0.00000
 aileron      ->  Cl roll mom =   0.00000
 elevator     ->  Cm pitchmom =   0.00000
 rudder       ->  Cn yaw  mom =   0.00000

 alpha     =   0.00000     deg
 beta      =   0.00000     deg
 pb/2V     =   0.07
 qc/2V     =   0.0
 rb/2V     =   0.00000
 CL        =   0.5445802567133089                        
 CDo       =   0.0
 bank      =   0.00000     deg
 elevation =   0.00000     deg
 heading   =   0.00000     deg
 Mach      =   0.1634
 velocity  =   0.0     m/s               
 density   =   0.9626     kg/m^3
 grav.acc. =   9.81     m/s^2
 turn_rad. =   0.00000     m
 load_fac. =   0.00000
 X_cg      =   2.3406775631778833     m
 Y_cg      =   0     m
 Z_cg      =   -0.131189711     m
 mass      =   0.0     kg
 Ixx       =   164627.7     kg-m^2
 Iyy       =   471262.4     kg-m^2
 Izz       =   554518.7     kg-m^2
 Ixy       =   0.0     kg-m^2
 Iyz       =   0.0     kg-m^2
 Izx       =   0.0     kg-m^2
 visc CL_a =   0.00000
 visc CL_u =   0.00000
 visc CM_a =   0.00000
 visc CM_u =   0.00000

